PSNR: 5.366205140491585
SSIM: 0.25128510673469195
UIQM: 4.674695542772457
UCIQE: 25.112945418678283
